# El Centro motion, Chopra pg. 247
6.300000000000000044e-03
3.640000000000000006e-03
9.899999999999999946e-04
4.279999999999999950e-03
7.579999999999999932e-03
1.086999999999999945e-02
6.819999999999999674e-03
2.769999999999999893e-03
-1.280000000000000105e-03
3.680000000000000111e-03
8.640000000000000110e-03
1.359999999999999924e-02
7.270000000000000420e-03
9.399999999999999719e-04
4.199999999999999740e-03
2.210000000000000159e-03
2.100000000000000087e-04
4.440000000000000370e-03
8.670000000000000623e-03
1.290000000000000001e-02
1.712999999999999939e-02
-3.429999999999999889e-03
-2.400000000000000050e-02
-9.919999999999999998e-03
4.159999999999999636e-03
5.279999999999999971e-03
1.652999999999999955e-02
2.778999999999999873e-02
3.903999999999999831e-02
2.449000000000000135e-02
9.950000000000000511e-03
9.610000000000000486e-03
9.259999999999999135e-03
8.920000000000000845e-03
-4.859999999999999737e-03
-1.864000000000000032e-02
-3.241999999999999743e-02
-3.364999999999999936e-02
-5.723000000000000309e-02
-4.533999999999999836e-02
-3.345999999999999669e-02
-3.200999999999999679e-02
-3.056000000000000036e-02
-2.911000000000000046e-02
-2.766000000000000056e-02
-4.116000000000000214e-02
-5.466000000000000025e-02
-6.815999999999999837e-02
-8.165999999999999648e-02
-6.845999999999999308e-02
-5.526999999999999968e-02
-4.207999999999999935e-02
-4.259000000000000286e-02
-4.311000000000000248e-02
-2.427999999999999950e-02
-5.449999999999999983e-03
1.337999999999999953e-02
3.221000000000000252e-02
5.104000000000000203e-02
6.987000000000000155e-02
8.870000000000000107e-02
4.524000000000000243e-02
1.789999999999999925e-03
-4.166999999999999871e-02
-8.512999999999999734e-02
-1.285799999999999998e-01
-1.720399999999999985e-01
-1.290800000000000003e-01
-8.612999999999999823e-02
-8.902000000000000191e-02
-9.192000000000000171e-02
-9.482000000000000151e-02
-9.324000000000000343e-02
-9.166000000000000536e-02
-9.478000000000000314e-02
-9.789000000000000479e-02
-1.290199999999999958e-01
-7.652000000000000468e-02
-2.401000000000000009e-02
2.849000000000000143e-02
8.099000000000000643e-02
1.335000000000000075e-01
1.859999999999999987e-01
2.384999999999999898e-01
2.199299999999999866e-01
2.013500000000000012e-01
1.827699999999999880e-01
1.642000000000000126e-01
1.456199999999999994e-01
1.614299999999999902e-01
1.772499999999999909e-01
1.321499999999999897e-01
8.705000000000000238e-02
4.195999999999999730e-02
-3.139999999999999996e-03
-4.823999999999999816e-02
-9.334000000000000630e-02
-1.384299999999999975e-01
-1.835299999999999987e-01
-2.286299999999999999e-01
-2.737200000000000188e-01
-3.188199999999999923e-01
-2.502400000000000180e-01
-1.816599999999999882e-01
-1.130899999999999961e-01
-4.451000000000000095e-02
2.407000000000000112e-02
9.264999999999999625e-02
1.612300000000000122e-01
2.298099999999999865e-01
2.983899999999999886e-01
2.319700000000000095e-01
1.655399999999999927e-01
9.911999999999999977e-02
3.269999999999999990e-02
-3.371999999999999997e-02
-1.001400000000000068e-01
-1.665600000000000136e-01
-2.329900000000000027e-01
-2.994100000000000095e-01
-4.210000000000000200e-03
2.909900000000000264e-01
2.237999999999999989e-01
1.566200000000000092e-01
8.942999999999999561e-02
2.223999999999999935e-02
-4.494999999999999690e-02
1.833999999999999866e-02
8.162999999999999423e-02
1.449100000000000110e-01
2.081999999999999962e-01
1.897300000000000098e-01
1.712500000000000133e-01
1.375899999999999901e-01
1.039299999999999946e-01
7.026999999999999913e-02
3.660999999999999671e-02
2.949999999999999931e-03
-3.071000000000000119e-02
-5.610000000000000403e-03
1.948000000000000079e-02
4.458000000000000157e-02
6.468000000000000138e-02
8.477999999999999425e-02
1.048700000000000049e-01
5.895000000000000240e-02
1.302999999999999992e-02
-3.289000000000000257e-02
-7.882000000000000117e-02
-3.556000000000000133e-02
7.709999999999999840e-03
5.097000000000000142e-02
1.013000000000000012e-02
-3.071000000000000119e-02
-7.155999999999999861e-02
-1.123999999999999999e-01
-1.532399999999999873e-01
-1.131400000000000045e-01
-7.303999999999999382e-02
-3.293999999999999706e-02
7.150000000000000105e-03
-6.350000000000000089e-02
-1.341499999999999915e-01
-2.048000000000000098e-01
-1.248200000000000004e-01
-4.485000000000000098e-02
3.513000000000000150e-02
1.150999999999999940e-01
1.950800000000000034e-01
1.230099999999999943e-01
5.093999999999999917e-02
-2.112999999999999948e-02
-9.320000000000000506e-02
-2.663000000000000089e-02
3.994999999999999940e-02
1.065299999999999997e-01
1.731100000000000139e-01
1.128299999999999997e-01
5.254999999999999949e-02
-7.720000000000000299e-03
1.064000000000000015e-02
2.900000000000000147e-02
4.737000000000000238e-02
6.572999999999999676e-02
2.020999999999999880e-02
-2.529999999999999957e-02
-7.080999999999999794e-02
-4.107000000000000234e-02
-1.132999999999999979e-02
2.880000000000000181e-03
1.709000000000000102e-02
3.130999999999999756e-02
-2.278000000000000164e-02
-7.685999999999999777e-02
-1.309500000000000108e-01
-1.850400000000000100e-01
-1.434699999999999864e-01
-1.019000000000000045e-01
-6.033999999999999780e-02
-1.876999999999999849e-02
2.280000000000000082e-02
-9.960000000000000103e-03
-4.272000000000000103e-02
-2.146999999999999950e-02
-2.100000000000000087e-04
2.103999999999999967e-02
-1.459000000000000054e-02
-5.022000000000000075e-02
-8.584999999999999576e-02
-1.214800000000000046e-01
-1.571099999999999997e-01
-1.927399999999999947e-01
-2.283699999999999897e-01
-1.814500000000000002e-01
-1.345300000000000107e-01
-8.760999999999999344e-02
-4.068999999999999700e-02
6.230000000000000294e-03
5.315999999999999892e-02
1.000800000000000023e-01
1.469999999999999918e-01
9.754000000000000170e-02
4.807999999999999774e-02
-1.379999999999999933e-03
5.140999999999999737e-02
1.042000000000000010e-01
1.569899999999999907e-01
2.097900000000000043e-01
2.625799999999999801e-01
1.699600000000000000e-01
7.734000000000000596e-02
-1.527000000000000059e-02
-1.078899999999999998e-01
-2.005099999999999938e-01
-6.786000000000000365e-02
6.479000000000000037e-02
1.670999999999999916e-02
-3.137000000000000205e-02
-7.945000000000000673e-02
-1.275300000000000045e-01
-1.756099999999999883e-01
-2.236899999999999999e-01
-2.717700000000000116e-01
-1.585100000000000120e-01
-4.524999999999999856e-02
6.801999999999999713e-02
1.812799999999999967e-01
1.446399999999999908e-01
1.079999999999999988e-01
7.137000000000000288e-02
3.472999999999999698e-02
9.665999999999999592e-02
1.585999999999999910e-01
2.205300000000000038e-01
1.829600000000000115e-01
1.453800000000000092e-01
1.078000000000000069e-01
7.023000000000000076e-02
3.264999999999999847e-02
6.648999999999999355e-02
1.003300000000000025e-01
1.341700000000000115e-01
1.033700000000000035e-01
7.256999999999999562e-02
4.177000000000000157e-02
1.097000000000000058e-02
-1.983000000000000040e-02
4.438000000000000278e-02
1.086000000000000021e-01
1.728099999999999914e-01
1.041600000000000026e-01
3.550999999999999990e-02
-3.314999999999999891e-02
-1.018000000000000016e-01
-7.262000000000000399e-02
-4.343999999999999945e-02
-1.426000000000000011e-02
1.491999999999999924e-02
-2.025000000000000064e-02
-5.543000000000000010e-02
-9.059999999999999998e-02
-1.257800000000000029e-01
-1.609500000000000097e-01
-1.961299999999999988e-01
-1.478399999999999992e-01
-9.954999999999999960e-02
-5.127000000000000307e-02
-2.980000000000000010e-03
-1.951999999999999916e-02
-3.604999999999999871e-02
-5.258999999999999786e-02
-4.182000000000000300e-02
-3.106000000000000080e-02
-2.903000000000000025e-02
-2.699000000000000010e-02
2.514999999999999875e-02
1.770000000000000046e-02
2.213000000000000037e-02
2.656000000000000028e-02
4.190000000000000148e-03
-1.819000000000000131e-02
-4.057000000000000189e-02
-6.293999999999999595e-02
-2.417000000000000051e-02
1.460000000000000013e-02
5.337000000000000077e-02
2.427999999999999950e-02
-4.799999999999999580e-03
-3.389000000000000346e-02
-5.570000000000000298e-03
2.273999999999999980e-02
6.790000000000000029e-03
-9.150000000000000147e-03
-2.509000000000000119e-02
-4.102999999999999703e-02
-5.698000000000000287e-02
-1.825999999999999845e-02
2.045999999999999902e-02
4.539999999999999765e-03
-1.137999999999999949e-02
-2.150000000000000001e-03
7.080000000000000356e-03
4.959999999999999999e-03
2.850000000000000103e-03
7.399999999999999894e-04
-5.340000000000000129e-03
-1.141000000000000000e-02
3.609999999999999928e-03
1.863000000000000073e-02
3.364999999999999936e-02
4.866999999999999799e-02
3.039999999999999994e-02
1.213000000000000016e-02
-6.139999999999999625e-03
-2.441000000000000114e-02
1.375000000000000007e-02
1.098999999999999977e-02
8.229999999999999469e-03
5.470000000000000036e-03
8.120000000000000481e-03
1.077000000000000006e-02
-6.919999999999999936e-03
-2.460999999999999993e-02
-4.229999999999999732e-02
-5.999000000000000166e-02
-7.767999999999999905e-02
-9.538000000000000644e-02
-6.208999999999999936e-02
-2.879999999999999921e-02
4.479999999999999608e-03
3.776999999999999802e-02
1.772999999999999923e-02
-2.309999999999999987e-03
-2.234999999999999834e-02
1.790999999999999884e-02
5.816000000000000336e-02
3.737999999999999656e-02
1.660000000000000017e-02
-4.179999999999999688e-03
-2.495999999999999955e-02
-4.574000000000000288e-02
-2.070999999999999924e-02
4.320000000000000055e-03
2.935000000000000109e-02
1.525999999999999926e-02
1.805999999999999966e-02
2.086000000000000007e-02
7.929999999999999549e-03
-5.009999999999999697e-03
-1.795000000000000068e-02
-3.089000000000000079e-02
-1.840999999999999928e-02
-5.930000000000000375e-03
6.550000000000000266e-03
-2.519000000000000059e-02
-5.693000000000000144e-02
-4.044999999999999984e-02
-2.398000000000000131e-02
-7.499999999999999722e-03
8.970000000000000542e-03
3.840000000000000097e-03
-1.289999999999999914e-03
-6.420000000000000359e-03
-1.156000000000000083e-02
-2.619000000000000147e-02
-4.082000000000000212e-02
-5.544999999999999929e-02
-4.365999999999999742e-02
-3.187999999999999862e-02
-6.963999999999999357e-02
-5.634000000000000119e-02
-4.302999999999999881e-02
-2.971999999999999989e-02
-1.642000000000000057e-02
-3.109999999999999917e-03
1.020000000000000073e-02
2.350000000000000006e-02
3.681000000000000244e-02
5.011000000000000176e-02
2.435999999999999971e-02
-1.389999999999999960e-03
-2.714000000000000093e-02
-3.089999999999999865e-03
2.095999999999999946e-02
4.501000000000000140e-02
6.905999999999999639e-02
5.772999999999999660e-02
4.639999999999999680e-02
3.506999999999999701e-02
3.357000000000000262e-02
3.207000000000000128e-02
3.056999999999999995e-02
3.250000000000000111e-02
3.443999999999999839e-02
3.636999999999999955e-02
1.348000000000000066e-02
-9.419999999999999554e-03
-3.230999999999999844e-02
-2.997000000000000011e-02
-3.094999999999999835e-02
-3.191999999999999699e-02
-2.588000000000000023e-02
-1.984000000000000000e-02
-1.379000000000000017e-02
-7.749999999999999944e-03
-1.448999999999999941e-02
-2.122999999999999887e-02
1.523000000000000048e-02
5.170000000000000290e-02
8.816000000000000225e-02
1.246300000000000047e-01
1.610900000000000110e-01
1.298700000000000132e-01
9.864000000000000545e-02
6.740999999999999770e-02
3.617999999999999688e-02
4.950000000000000407e-03
4.199999999999999740e-03
3.449999999999999942e-03
2.690000000000000117e-03
-5.922000000000000181e-02
-1.211200000000000054e-01
-1.830299999999999983e-01
-1.204299999999999954e-01
-5.782000000000000334e-02
4.789999999999999987e-03
6.740000000000000158e-02
1.300099999999999867e-01
8.372999999999999887e-02
3.744999999999999718e-02
6.979000000000000481e-02
1.021299999999999986e-01
-3.516999999999999987e-02
-1.724700000000000122e-01
-1.376300000000000023e-01
-1.027799999999999964e-01
-6.794000000000000039e-02
-3.309999999999999748e-02
-3.647000000000000242e-02
-3.984000000000000041e-02
-5.170000000000000116e-03
2.949999999999999845e-02
6.417000000000000481e-02
9.883000000000000118e-02
1.335000000000000075e-01
5.924000000000000099e-02
-1.502999999999999996e-02
-8.928999999999999437e-02
-1.635500000000000009e-01
-6.096000000000000030e-02
4.164000000000000340e-02
1.550999999999999948e-02
-1.060999999999999964e-02
-3.674000000000000182e-02
-6.286999999999999533e-02
-8.898999999999999966e-02
-5.430000000000000104e-02
-1.960999999999999896e-02
1.507999999999999965e-02
4.977000000000000174e-02
8.445999999999999341e-02
5.022999999999999687e-02
1.600000000000000033e-02
-1.822999999999999968e-02
-5.245999999999999969e-02
-8.669000000000000317e-02
-6.769000000000000017e-02
-4.870000000000000023e-02
-2.970000000000000070e-02
-1.071000000000000077e-02
8.290000000000000493e-03
-3.139999999999999996e-03
2.965999999999999887e-02
6.246000000000000163e-02
-2.340000000000000066e-03
-6.714000000000000523e-02
-4.050999999999999740e-02
-1.387999999999999998e-02
1.273999999999999959e-02
8.049999999999999864e-03
3.023999999999999952e-02
5.242999999999999744e-02
2.350999999999999965e-02
-5.409999999999999878e-03
-3.432000000000000328e-02
-6.324000000000000454e-02
-9.214999999999999580e-02
-1.210699999999999971e-01
-8.450000000000000566e-02
-4.794000000000000344e-02
-1.136999999999999990e-02
2.520000000000000018e-02
6.176999999999999852e-02
4.028000000000000330e-02
1.880000000000000074e-02
4.456000000000000238e-02
7.031999999999999362e-02
9.607999999999999874e-02
1.218400000000000039e-01
6.350000000000000089e-02
5.170000000000000116e-03
-5.317000000000000198e-02
-3.124000000000000041e-02
-9.299999999999999239e-03
1.263000000000000060e-02
3.456999999999999656e-02
3.282999999999999807e-02
3.108999999999999958e-02
2.935000000000000109e-02
4.510999999999999732e-02
6.087000000000000050e-02
7.663000000000000367e-02
9.238999999999999990e-02
5.741999999999999882e-02
2.245000000000000120e-02
-1.251999999999999988e-02
6.799999999999999621e-03
2.611000000000000126e-02
4.542999999999999816e-02
1.570999999999999827e-02
-1.401999999999999948e-02
-4.374000000000000110e-02
-7.346999999999999365e-02
-3.989999999999999797e-02
-6.329999999999999689e-03
2.724000000000000032e-02
6.079999999999999988e-02
3.669000000000000039e-02
1.257999999999999917e-02
-1.153000000000000032e-02
-3.563999999999999807e-02
-6.769999999999999976e-03
2.210000000000000159e-02
5.097999999999999754e-02
7.985000000000000431e-02
6.915000000000000313e-02
5.845000000000000195e-02
4.775000000000000078e-02
3.706000000000000266e-02
2.636000000000000149e-02
5.822000000000000092e-02
9.009000000000000341e-02
1.219599999999999990e-01
1.006900000000000017e-01
7.943000000000000060e-02
5.816000000000000336e-02
3.688999999999999918e-02
1.563000000000000153e-02
-5.640000000000000048e-03
-2.690000000000000030e-02
-4.816999999999999754e-02
-6.944000000000000172e-02
-9.070000000000000284e-02
-1.119700000000000001e-01
-1.152100000000000068e-01
-1.184599999999999959e-01
-1.217000000000000026e-01
-1.249399999999999955e-01
-1.650000000000000078e-01
-2.050500000000000100e-01
-1.571299999999999919e-01
-1.092100000000000015e-01
-6.128999999999999726e-02
-1.336999999999999994e-02
3.454999999999999738e-02
8.247000000000000164e-02
7.575999999999999401e-02
6.905999999999999639e-02
6.235999999999999877e-02
8.734999999999999709e-02
1.123500000000000054e-01
1.373399999999999899e-01
1.217499999999999971e-01
1.061600000000000044e-01
9.056999999999999773e-02
7.498000000000000498e-02
8.011000000000000065e-02
8.523999999999999633e-02
9.037000000000000588e-02
6.208000000000000324e-02
3.377999999999999753e-02
5.490000000000000088e-03
-2.281000000000000041e-02
-5.444000000000000228e-02
-4.030000000000000249e-02
-2.614999999999999963e-02
-1.200999999999999984e-02
-2.027999999999999942e-02
-2.854999999999999899e-02
-6.242999999999999938e-02
-3.524000000000000049e-02
-8.049999999999999864e-03
-4.948000000000000315e-02
-3.642999999999999711e-02
-2.336999999999999841e-02
-3.368000000000000160e-02
-1.879000000000000115e-02
-3.889999999999999795e-03
1.099999999999999936e-02
2.588999999999999982e-02
1.446000000000000063e-02
3.030000000000000141e-03
-8.399999999999999481e-03
4.629999999999999567e-03
1.765999999999999862e-02
3.068999999999999853e-02
4.372000000000000192e-02
2.164999999999999911e-02
-4.200000000000000174e-04
-2.248999999999999957e-02
-4.456000000000000238e-02
-3.638000000000000261e-02
-2.818999999999999978e-02
-2.001000000000000001e-02
-1.182000000000000065e-02
-2.444999999999999951e-02
-3.706999999999999879e-02
-4.968999999999999806e-02
-5.881999999999999729e-02
-6.794999999999999651e-02
-7.706999999999999962e-02
-8.619999999999999885e-02
-9.532999999999999807e-02
-6.275999999999999635e-02
-3.017999999999999849e-02
2.390000000000000197e-03
3.495999999999999802e-02
4.399000000000000132e-02
5.301000000000000156e-02
3.175999999999999657e-02
1.051000000000000024e-02
-1.072999999999999995e-02
-3.198000000000000148e-02
-5.322999999999999954e-02
1.860000000000000108e-03
5.695999999999999674e-02
1.984999999999999959e-02
-1.726000000000000104e-02
-5.437999999999999778e-02
-1.204000000000000035e-02
3.031000000000000014e-02
7.265000000000000624e-02
1.149899999999999950e-01
7.237000000000000377e-02
2.974999999999999867e-02
-1.288000000000000082e-02
1.212000000000000056e-02
3.710999999999999716e-02
3.516999999999999987e-02
3.323000000000000259e-02
1.853000000000000133e-02
3.830000000000000071e-03
3.419999999999999863e-03
-2.180999999999999953e-02
-4.703999999999999848e-02
-7.227000000000000091e-02
-9.750000000000000333e-02
-1.227300000000000058e-01
-8.316999999999999393e-02
-4.361999999999999905e-02
-4.069999999999999833e-03
3.549000000000000071e-02
7.503999999999999559e-02
1.145999999999999935e-01
7.768999999999999517e-02
4.077999999999999681e-02
3.870000000000000176e-03
2.840000000000000076e-03
1.820000000000000003e-03
-5.512999999999999845e-02
4.732000000000000095e-02
5.222999999999999865e-02
5.714999999999999941e-02
6.205999999999999711e-02
6.697999999999999787e-02
7.188999999999999557e-02
2.705000000000000113e-02
-1.779000000000000026e-02
-6.263000000000000511e-02
-1.074699999999999961e-01
-1.523200000000000109e-01
-1.259099999999999941e-01
-9.950000000000000511e-02
-7.309000000000000219e-02
-4.667999999999999927e-02
-2.026999999999999982e-02
6.139999999999999625e-03
3.255000000000000254e-02
8.590000000000000413e-03
-1.536999999999999998e-02
-3.932000000000000078e-02
-6.328000000000000291e-02
-3.321999999999999953e-02
-3.150000000000000022e-03
2.690999999999999989e-02
1.196000000000000014e-02
-3.000000000000000062e-03
3.350000000000000113e-03
9.700000000000000289e-03
1.604999999999999830e-02
2.239000000000000018e-02
4.214999999999999997e-02
6.190999999999999975e-02
8.167000000000000648e-02
3.477000000000000229e-02
-1.212000000000000056e-02
-1.308999999999999921e-02
-1.406999999999999917e-02
-5.274000000000000216e-02
-2.544000000000000081e-02
1.860000000000000108e-03
2.915999999999999842e-02
5.646000000000000324e-02
8.376000000000000112e-02
1.754000000000000004e-02
-4.868999999999999717e-02
-2.074000000000000149e-02
7.219999999999999855e-03
3.516999999999999987e-02
-5.279999999999999971e-03
-4.571999999999999675e-02
-8.616999999999999660e-02
-6.959999999999999520e-02
-5.303000000000000075e-02
-3.645999999999999935e-02
-1.989000000000000143e-02
-3.320000000000000034e-03
1.324999999999999963e-02
2.981999999999999929e-02
1.101000000000000069e-02
-7.810000000000000102e-03
-2.662000000000000130e-02
-5.629999999999999588e-03
1.536000000000000039e-02
3.635000000000000037e-02
5.734000000000000208e-02
3.159000000000000002e-02
5.839999999999999705e-03
-1.992000000000000021e-02
-2.010000000000000068e-03
1.589000000000000135e-02
-1.024000000000000084e-02
-3.636000000000000343e-02
-6.248999999999999694e-02
-4.780000000000000221e-02
-3.311000000000000054e-02
-4.941000000000000253e-02
-6.569999999999999452e-02
-8.200000000000000344e-02
-4.979999999999999705e-02
-1.760000000000000106e-02
1.460000000000000013e-02
4.680000000000000132e-02
7.900000000000000078e-02
4.750000000000000056e-02
1.600000000000000033e-02
-1.549999999999999989e-02
-1.020000000000000073e-03
1.346999999999999933e-02
2.794999999999999915e-02
4.243999999999999856e-02
5.691999999999999837e-02
3.781000000000000333e-02
1.870000000000000134e-02
-4.099999999999999912e-04
-1.951999999999999916e-02
-4.270000000000000358e-03
1.098000000000000018e-02
2.622999999999999984e-02
4.148000000000000298e-02
1.821000000000000049e-02
-5.060000000000000261e-03
-8.739999999999999505e-03
-3.726000000000000145e-02
-6.579000000000000126e-02
-2.599999999999999881e-02
1.379999999999999977e-02
5.358999999999999875e-02
9.338000000000000467e-02
5.883000000000000035e-02
2.428999999999999909e-02
-1.026000000000000002e-02
-4.479999999999999954e-02
-1.082999999999999935e-02
-1.868999999999999828e-02
-2.655000000000000068e-02
-3.441000000000000308e-02
-2.503000000000000017e-02
-1.564000000000000112e-02
-6.259999999999999939e-03
-1.009000000000000001e-02
-1.392000000000000008e-02
1.490000000000000005e-02
4.372000000000000192e-02
3.463000000000000106e-02
2.097999999999999865e-02
7.329999999999999710e-03
-6.320000000000000097e-03
-1.997000000000000164e-02
7.669999999999999735e-03
3.531999999999999723e-02
3.409000000000000224e-02
3.287000000000000338e-02
3.164000000000000146e-02
2.402999999999999928e-02
1.642000000000000057e-02
9.820000000000000603e-03
3.220000000000000206e-03
-3.389999999999999784e-03
2.202000000000000138e-02
-1.941000000000000017e-02
-6.085000000000000131e-02
-1.022799999999999959e-01
-7.846999999999999809e-02
-5.466000000000000025e-02
-3.083999999999999936e-02
-7.029999999999999791e-03
1.677999999999999978e-02
1.946000000000000160e-02
2.213999999999999996e-02
2.483000000000000138e-02
1.808999999999999844e-02
-2.020000000000000094e-03
-2.213000000000000037e-02
-2.779999999999999919e-03
1.655999999999999833e-02
3.590000000000000135e-02
5.525000000000000050e-02
7.459000000000000352e-02
6.203000000000000180e-02
4.948000000000000315e-02
3.692000000000000143e-02
-1.449999999999999900e-03
4.599000000000000310e-02
4.078999999999999987e-02
3.558000000000000052e-02
3.037000000000000116e-02
3.626000000000000056e-02
4.214999999999999997e-02
4.803000000000000325e-02
5.392000000000000265e-02
4.947000000000000008e-02
4.501999999999999752e-02
4.055999999999999883e-02
3.611000000000000321e-02
3.166000000000000064e-02
6.139999999999999625e-03
-1.936999999999999833e-02
-4.488999999999999935e-02
-7.040000000000000424e-02
-9.592000000000000526e-02
-7.745000000000000495e-02
-5.899000000000000077e-02
-4.052000000000000046e-02
-2.205999999999999975e-02
-3.589999999999999875e-03
1.486999999999999954e-02
1.004999999999999991e-02
5.230000000000000274e-03
4.099999999999999912e-04
-4.409999999999999858e-03
-9.230000000000000357e-03
-1.188999999999999953e-02
-1.523000000000000048e-02
-1.856000000000000011e-02
-2.189999999999999933e-02
-9.830000000000000196e-03
2.239999999999999804e-03
1.430999999999999980e-02
3.350000000000000113e-03
-7.599999999999999985e-03
-1.856000000000000011e-02
-7.369999999999999815e-03
3.830000000000000071e-03
1.502000000000000036e-02
2.622000000000000025e-02
1.016000000000000063e-02
-5.899999999999999863e-03
-2.196000000000000035e-02
-1.209999999999999921e-03
1.952999999999999875e-02
4.027000000000000024e-02
2.826000000000000040e-02
1.625000000000000056e-02
4.239999999999999845e-03
1.959999999999999937e-03
-3.099999999999999999e-04
-2.579999999999999828e-03
-4.859999999999999737e-03
-7.130000000000000053e-03
-9.409999999999999962e-03
-1.167999999999999941e-02
-1.396000000000000019e-02
-1.750000000000000167e-02
-2.103999999999999967e-02
-2.458000000000000115e-02
-2.812999999999999876e-02
-3.166999999999999676e-02
-3.520999999999999824e-02
-4.204999999999999710e-02
-4.889000000000000290e-02
-3.558999999999999664e-02
-2.229000000000000078e-02
-8.989999999999999727e-03
4.309999999999999595e-03
1.762000000000000025e-02
7.139999999999999646e-03
-3.340000000000000087e-03
-1.383000000000000028e-02
1.314000000000000064e-02
4.010999999999999982e-02
6.708000000000000074e-02
4.819999999999999979e-02
2.931999999999999884e-02
1.043000000000000003e-02
-8.449999999999999178e-03
-2.733000000000000013e-02
-4.621000000000000107e-02
-3.155000000000000165e-02
-1.687999999999999917e-02
-2.220000000000000185e-03
1.243999999999999967e-02
2.682999999999999968e-02
4.120999999999999663e-02
5.559000000000000052e-02
3.253000000000000336e-02
9.459999999999999659e-03
-1.359999999999999924e-02
-1.431999999999999940e-02
-1.503999999999999955e-02
-1.575999999999999970e-02
-4.209000000000000241e-02
-2.684999999999999887e-02
-1.161000000000000053e-02
3.629999999999999980e-03
1.887000000000000136e-02
3.411000000000000143e-02
3.115000000000000061e-02
2.818999999999999978e-02
2.917000000000000148e-02
3.014999999999999972e-02
3.113000000000000142e-02
3.880000000000000202e-03
-2.336999999999999841e-02
-5.061999999999999833e-02
-3.819999999999999785e-02
-2.579000000000000042e-02
-1.336999999999999994e-02
-9.499999999999999981e-04
1.145999999999999970e-02
2.387999999999999845e-02
3.629000000000000281e-02
1.047000000000000014e-02
-1.535000000000000080e-02
-4.116999999999999826e-02
-6.698999999999999400e-02
-5.206999999999999823e-02
-3.715000000000000246e-02
-2.222000000000000017e-02
-7.300000000000000065e-03
7.620000000000000037e-03
2.254000000000000101e-02
3.747000000000000330e-02
4.000999999999999696e-02
4.256000000000000061e-02
4.506999999999999895e-02
4.759000000000000036e-02
5.009999999999999870e-02
4.544999999999999735e-02
4.080000000000000293e-02
2.876000000000000084e-02
1.670999999999999916e-02
4.669999999999999672e-03
-7.380000000000000275e-03
-1.160000000000000007e-03
5.060000000000000261e-03
1.128000000000000010e-02
1.750000000000000167e-02
-2.109999999999999896e-03
-2.172999999999999932e-02
-4.134999999999999787e-02
-6.096000000000000030e-02
-8.057999999999999885e-02
-6.994999999999999829e-02
-5.931000000000000161e-02
-4.868000000000000105e-02
-3.805000000000000049e-02
-2.556999999999999898e-02
-1.310000000000000053e-02
-6.300000000000000261e-04
1.184999999999999942e-02
2.432000000000000134e-02
3.679999999999999938e-02
4.927000000000000129e-02
2.973999999999999908e-02
1.021000000000000033e-02
-9.320000000000000159e-03
-2.884000000000000105e-02
-4.837000000000000327e-02
-6.790000000000000202e-02
-4.861999999999999655e-02
-2.934000000000000150e-02
-1.005999999999999950e-02
9.220000000000000764e-03
2.851000000000000062e-02
4.778999999999999915e-02
2.455999999999999850e-02
1.330000000000000019e-03
-2.189999999999999933e-02
-4.513000000000000345e-02
-6.836000000000000409e-02
-4.977999999999999786e-02
-3.119999999999999857e-02
-1.261999999999999927e-02
5.960000000000000020e-03
2.452999999999999972e-02
4.311000000000000248e-02
6.169000000000000178e-02
8.026999999999999413e-02
9.884999999999999343e-02
6.451999999999999402e-02
3.019000000000000156e-02
-4.139999999999999583e-03
-3.848000000000000032e-02
-7.280999999999999972e-02
-5.999000000000000166e-02
-4.716999999999999665e-02
-3.434999999999999859e-02
-3.230999999999999844e-02
-3.028000000000000136e-02
-2.824000000000000121e-02
-3.959999999999999978e-03
2.032000000000000126e-02
3.129999999999999970e-03
-1.405999999999999958e-02
-3.124000000000000041e-02
-4.843000000000000083e-02
-6.561999999999999778e-02
-5.131999999999999756e-02
-3.701999999999999735e-02
-2.272000000000000061e-02
-8.429999999999999993e-03
5.870000000000000218e-03
2.017000000000000043e-02
2.698000000000000051e-02
3.379000000000000059e-02
4.061000000000000026e-02
4.741999999999999688e-02
5.423000000000000043e-02
3.534999999999999948e-02
1.646999999999999853e-02
1.621999999999999831e-02
1.598000000000000115e-02
1.574000000000000052e-02
7.470000000000000077e-03
-8.000000000000000383e-04
-9.069999999999999937e-03
7.200000000000000453e-04
1.051000000000000024e-02
2.029999999999999860e-02
3.008999999999999869e-02
3.989000000000000185e-02
3.477999999999999842e-02
2.966999999999999846e-02
2.457000000000000156e-02
3.074999999999999956e-02
3.694000000000000061e-02
4.313000000000000167e-02
4.930999999999999966e-02
5.550000000000000072e-02
6.167999999999999872e-02
-5.259999999999999919e-03
-7.220000000000000029e-02
-6.335999999999999965e-02
-5.451000000000000290e-02
-4.565999999999999920e-02
-3.681000000000000244e-02
-3.678000000000000019e-02
-3.674999999999999795e-02
-3.672000000000000264e-02
-1.764999999999999902e-02
1.430000000000000064e-03
2.051000000000000045e-02
3.957999999999999713e-02
5.865999999999999687e-02
3.556000000000000133e-02
1.244999999999999926e-02
-1.065999999999999934e-02
-3.375999999999999834e-02
-5.686999999999999694e-02
-4.501999999999999752e-02
-3.316999999999999810e-02
-2.130999999999999908e-02
-9.459999999999999659e-03
2.390000000000000197e-03
-2.079999999999999818e-03
-6.539999999999999807e-03
-1.101000000000000069e-02
-1.548000000000000070e-02
-1.200000000000000025e-02
-8.510000000000000203e-03
-5.029999999999999749e-03
-1.539999999999999919e-03
1.949999999999999910e-03
5.100000000000000366e-04
-9.200000000000000278e-04
1.135000000000000071e-02
2.363000000000000170e-02
3.590000000000000135e-02
4.818000000000000060e-02
6.044999999999999679e-02
7.273000000000000298e-02
2.846999999999999878e-02
-1.578999999999999848e-02
-6.004000000000000309e-02
-5.068999999999999895e-02
-4.134000000000000175e-02
-3.198999999999999760e-02
-3.135000000000000286e-02
-3.071000000000000119e-02
-3.006999999999999951e-02
-1.863000000000000073e-02
-7.190000000000000210e-03
4.250000000000000305e-03
1.569999999999999868e-02
2.714000000000000093e-02
3.858000000000000318e-02
2.974999999999999867e-02
2.092000000000000109e-02
2.333999999999999964e-02
2.576000000000000165e-02
2.818999999999999978e-02
3.060999999999999832e-02
3.303999999999999992e-02
1.370999999999999996e-02
-5.610000000000000403e-03
-2.494000000000000036e-02
-2.207999999999999893e-02
-1.923000000000000057e-02
-1.637999999999999873e-02
-1.353000000000000036e-02
-1.260999999999999968e-02
-1.170000000000000033e-02
-1.690000000000000096e-03
8.330000000000000598e-03
1.833999999999999866e-02
2.835000000000000020e-02
3.835999999999999827e-02
4.837999999999999939e-02
3.749000000000000249e-02
2.659999999999999865e-02
1.570999999999999827e-02
4.819999999999999632e-03
-6.069999999999999875e-03
-1.695999999999999938e-02
-7.799999999999999642e-03
1.360000000000000098e-03
1.051999999999999984e-02
1.967999999999999958e-02
2.884000000000000105e-02
-5.040000000000000209e-03
-3.892999999999999933e-02
-2.341999999999999985e-02
-7.910000000000000364e-03
7.590000000000000392e-03
2.309999999999999901e-02
7.069999999999999896e-03
-8.949999999999999623e-03
-2.497999999999999873e-02
-4.100000000000000172e-02
-5.702999999999999736e-02
-2.920000000000000026e-02
-1.369999999999999907e-03
2.645000000000000129e-02
5.428000000000000186e-02
3.586999999999999911e-02
1.745999999999999983e-02
-9.600000000000000243e-04
-1.936999999999999833e-02
-3.778000000000000108e-02
-2.281000000000000041e-02
-7.839999999999999747e-03
7.130000000000000053e-03
2.210000000000000159e-02
3.706999999999999879e-02
5.204000000000000292e-02
6.701000000000000012e-02
8.197999999999999732e-02
3.084999999999999895e-02
-2.026999999999999982e-02
-7.140000000000000513e-02
-1.225300000000000000e-01
-8.644000000000000294e-02
-5.034999999999999892e-02
-1.426000000000000011e-02
2.182999999999999871e-02
5.791999999999999926e-02
9.400000000000000022e-02
1.300900000000000112e-01
3.611000000000000321e-02
-5.786999999999999783e-02
-4.802000000000000018e-02
-3.817000000000000254e-02
-2.832000000000000142e-02
-1.846000000000000071e-02
-8.609999999999999598e-03
-3.651999999999999691e-02
-6.443999999999999728e-02
-6.169000000000000178e-02
-5.893999999999999934e-02
-5.618000000000000077e-02
-6.072999999999999926e-02
-6.528000000000000469e-02
-4.628000000000000169e-02
-2.727999999999999869e-02
-8.290000000000000493e-03
1.071000000000000077e-02
2.970000000000000070e-02
3.137999999999999817e-02
3.305999999999999911e-02
3.474000000000000005e-02
3.642000000000000098e-02
4.574000000000000288e-02
5.505999999999999783e-02
6.439000000000000279e-02
7.370999999999999774e-02
8.303000000000000658e-02
3.604999999999999871e-02
-1.091999999999999915e-02
-5.790000000000000008e-02
-4.696000000000000174e-02
-3.602000000000000340e-02
-2.508000000000000160e-02
-1.413999999999999979e-02
-3.561000000000000276e-02
-5.707999999999999879e-02
-7.854999999999999483e-02
-6.303999999999999881e-02
-4.753000000000000280e-02
-3.203000000000000291e-02
-1.651999999999999996e-02
-1.020000000000000073e-03
9.220000000000000764e-03
1.946000000000000160e-02
2.970000000000000070e-02
3.993000000000000022e-02
5.016999999999999932e-02
6.040999999999999842e-02
7.065000000000000446e-02
8.089000000000000357e-02
-1.920000000000000049e-03
-8.472999999999999976e-02
-7.031999999999999362e-02
-5.589999999999999830e-02
-4.148000000000000298e-02
-5.296000000000000013e-02
-6.443000000000000116e-02
-7.589999999999999525e-02
-8.737999999999999934e-02
-9.884999999999999343e-02
-6.797999999999999876e-02
-3.710000000000000103e-02
-6.230000000000000294e-03
2.464999999999999830e-02
5.553000000000000297e-02
8.640000000000000457e-02
1.172799999999999954e-01
1.481500000000000039e-01
8.715000000000000524e-02
2.614999999999999963e-02
-3.484999999999999903e-02
-9.583999999999999464e-02
-7.099999999999999367e-02
-4.615999999999999964e-02
-2.131999999999999867e-02
3.530000000000000152e-03
2.836999999999999938e-02
5.321000000000000035e-02
-4.689999999999999725e-03
-6.257999999999999674e-02
-1.204800000000000038e-01
-9.959999999999999409e-02
-7.871999999999999831e-02
-5.784000000000000252e-02
-3.695999999999999980e-02
-1.608000000000000054e-02
4.799999999999999580e-03
2.568000000000000144e-02
4.655999999999999722e-02
6.743999999999999995e-02
8.831999999999999573e-02
1.092000000000000054e-01
1.300800000000000012e-01
1.099500000000000061e-01
8.981999999999999706e-02
6.969000000000000195e-02
4.954999999999999682e-02
4.005999999999999839e-02
3.056000000000000036e-02
2.106999999999999845e-02
1.158000000000000002e-02
7.799999999999999642e-03
4.020000000000000136e-03
2.400000000000000061e-04
-3.540000000000000178e-03
-7.320000000000000118e-03
-1.110000000000000049e-02
-7.799999999999999642e-03
-4.499999999999999660e-03
-1.199999999999999895e-03
2.099999999999999870e-03
5.400000000000000286e-03
-8.309999999999999679e-03
-2.203000000000000097e-02
-3.574999999999999706e-02
-4.947000000000000008e-02
-6.318999999999999617e-02
-5.045999999999999791e-02
-3.772999999999999965e-02
-2.500000000000000139e-02
-1.226999999999999966e-02
4.600000000000000139e-04
4.819999999999999632e-03
9.190000000000000252e-03
1.354999999999999954e-02
1.790999999999999884e-02
2.228000000000000119e-02
8.829999999999999308e-03
-4.619999999999999975e-03
-1.806999999999999926e-02
-3.151999999999999941e-02
-2.275999999999999898e-02
-1.400999999999999988e-02
-5.259999999999999919e-03
3.500000000000000073e-03
1.225000000000000047e-02
2.101000000000000090e-02
1.437000000000000083e-02
7.729999999999999892e-03
1.100000000000000066e-03
8.229999999999999469e-03
1.536999999999999998e-02
2.250999999999999876e-02
1.712999999999999939e-02
1.175000000000000003e-02
6.369999999999999794e-03
1.375999999999999966e-02
2.113999999999999907e-02
2.852000000000000021e-02
3.590999999999999748e-02
4.329000000000000209e-02
3.457999999999999963e-02
2.587000000000000063e-02
1.714999999999999858e-02
8.439999999999999586e-03
-2.700000000000000035e-04
-8.980000000000000135e-03
-1.260000000000000052e-03
6.450000000000000004e-03
1.417000000000000030e-02
2.038999999999999840e-02
2.661000000000000171e-02
3.282999999999999807e-02
3.905000000000000138e-02
4.526999999999999774e-02
3.638999999999999874e-02
2.750000000000000014e-02
1.862000000000000113e-02
9.740000000000000394e-03
8.599999999999999789e-04
-1.332999999999999984e-02
-2.751999999999999932e-02
-4.170999999999999708e-02
-2.811999999999999916e-02
-1.452999999999999951e-02
-9.399999999999999719e-04
1.264000000000000019e-02
2.622999999999999984e-02
1.689999999999999836e-02
7.559999999999999880e-03
-1.770000000000000089e-03
-1.111000000000000008e-02
-2.043999999999999984e-02
-2.977000000000000132e-02
-3.910999999999999893e-02
-2.442000000000000073e-02
-9.730000000000000801e-03
4.959999999999999999e-03
1.965000000000000080e-02
3.434000000000000247e-02
2.053999999999999923e-02
6.740000000000000331e-03
-7.060000000000000303e-03
-2.086000000000000007e-02
-3.466000000000000331e-02
-2.663000000000000089e-02
-1.859999999999999848e-02
-1.056999999999999953e-02
-2.540000000000000157e-03
-6.300000000000000261e-04
1.280000000000000105e-03
3.190000000000000127e-03
5.100000000000000366e-03
9.990000000000000616e-03
1.488000000000000086e-02
7.910000000000000364e-03
9.300000000000000541e-04
-6.049999999999999822e-03
3.419999999999999863e-03
1.288000000000000082e-02
2.234999999999999834e-02
3.180999999999999800e-02
4.127999999999999725e-02
2.707000000000000031e-02
1.286999999999999950e-02
-1.340000000000000045e-03
-1.553999999999999999e-02
-2.974999999999999867e-02
-4.395000000000000295e-02
-3.611999999999999933e-02
-2.827999999999999958e-02
-2.043999999999999984e-02
-1.260000000000000009e-02
-4.760000000000000342e-03
3.069999999999999812e-03
1.090999999999999956e-02
9.839999999999999789e-03
8.760000000000000425e-03
7.680000000000000195e-03
6.610000000000000424e-03
1.234000000000000027e-02
1.806999999999999926e-02
2.380000000000000171e-02
2.953000000000000069e-02
3.525999999999999968e-02
2.784000000000000016e-02
2.042000000000000065e-02
1.299999999999999940e-02
-3.414999999999999980e-02
-6.279999999999999992e-03
-6.210000000000000242e-03
-6.150000000000000085e-03
-6.089999999999999927e-03
-6.020000000000000177e-03
-5.960000000000000020e-03
-5.899999999999999863e-03
-5.830000000000000113e-03
-5.769999999999999955e-03
-5.709999999999999798e-03
-5.640000000000000048e-03
-5.579999999999999891e-03
-5.519999999999999733e-03
-5.449999999999999983e-03
-5.389999999999999826e-03
-5.320000000000000076e-03
-5.259999999999999919e-03
-5.199999999999999761e-03
-5.130000000000000011e-03
-5.069999999999999854e-03
-5.009999999999999697e-03
-4.939999999999999947e-03
-4.879999999999999789e-03
-4.819999999999999632e-03
-4.749999999999999882e-03
-4.689999999999999725e-03
-4.629999999999999567e-03
-4.559999999999999817e-03
-4.499999999999999660e-03
-4.440000000000000370e-03
-4.369999999999999753e-03
-4.309999999999999595e-03
-4.250000000000000305e-03
-4.179999999999999688e-03
-4.120000000000000398e-03
-4.060000000000000241e-03
-3.989999999999999623e-03
-3.930000000000000333e-03
-3.870000000000000176e-03
-3.799999999999999992e-03
-3.739999999999999835e-03
-3.680000000000000111e-03
-3.609999999999999928e-03
-3.550000000000000204e-03
-3.490000000000000047e-03
-3.419999999999999863e-03
-3.360000000000000139e-03
-3.299999999999999982e-03
-3.229999999999999798e-03
-3.170000000000000075e-03
-3.109999999999999917e-03
-3.040000000000000167e-03
-2.980000000000000010e-03
-2.919999999999999853e-03
-2.850000000000000103e-03
-2.789999999999999945e-03
-2.729999999999999788e-03
-2.660000000000000038e-03
-2.599999999999999881e-03
-2.540000000000000157e-03
-2.469999999999999973e-03
-2.409999999999999816e-03
-2.350000000000000092e-03
-2.279999999999999909e-03
-2.220000000000000185e-03
-2.160000000000000028e-03
-2.089999999999999844e-03
-2.030000000000000120e-03
-1.969999999999999963e-03
-1.899999999999999996e-03
-1.840000000000000056e-03
-1.779999999999999898e-03
-1.709999999999999932e-03
-1.649999999999999991e-03
-1.580000000000000024e-03
-1.520000000000000084e-03
-1.459999999999999926e-03
-1.389999999999999960e-03
-1.330000000000000019e-03
-1.270000000000000078e-03
-1.199999999999999895e-03
-1.139999999999999954e-03
-1.080000000000000014e-03
-1.010000000000000047e-03
-9.499999999999999981e-04
-8.899999999999999491e-04
-8.199999999999999824e-04
-7.600000000000000418e-04
-6.999999999999999929e-04
-6.300000000000000261e-04
-5.699999999999999772e-04
-5.100000000000000366e-04
-4.400000000000000157e-04
-3.800000000000000209e-04
-3.200000000000000262e-04
-2.500000000000000052e-04
-1.900000000000000105e-04
-1.299999999999999886e-04
-6.000000000000000152e-05
0.000000000000000000e+00
0.000000000000000000e+00
